{"producer":{"name":"Blender","version":"2.77 (sub 0)","exporter_version":"4.5.0","file":"humanClothes.babylon"},
"autoClear":true,"clearColor":[0.0509,0.0509,0.0509],"ambientColor":[0,0,0],"gravity":[0,-9.81,0],
"materials":[{"name":"humanClothes.Humanclothesfinal:Female_casualsuit02:Female_casualsuit02","id":"humanClothes.Humanclothesfinal:Female_casualsuit02:Female_casualsuit02","ambient":[1,1,1],"diffuse":[1,1,1],"specular":[0.0275,0.0275,0.0275],"emissive":[0,0,0],"specularPower":100,"alpha":1,"backFaceCulling":true,"checkReadyOnlyOnce":false, 
"diffuseTexture":{"name":"female_casualsuit02_diffuse.png","level":1,"hasAlpha":1,"coordinatesMode":0,"uOffset":0,"vOffset":0,"uScale":1,"vScale":1,"uAng":0,"vAng":0,"wAng":0,"wrapU":1,"wrapV":1,"coordinatesIndex":0}, 
"bumpTexture":{"name":"female_casualsuit02_normal.png","level":1,"hasAlpha":1,"coordinatesMode":0,"uOffset":0,"vOffset":0,"uScale":1,"vScale":1,"uAng":0,"vAng":0,"wAng":0,"wrapU":1,"wrapV":1,"coordinatesIndex":0}},
{"name":"humanClothes.Humanclothesfinal:High-poly:Eyeblue","id":"humanClothes.Humanclothesfinal:High-poly:Eyeblue","ambient":[0.11,0.11,0.11],"diffuse":[1,1,1],"specular":[1,1,1],"emissive":[0,0,0],"specularPower":511,"alpha":1,"backFaceCulling":true,"checkReadyOnlyOnce":false, 
"diffuseTexture":{"name":"blue_eye.png","level":1,"hasAlpha":1,"coordinatesMode":0,"uOffset":0,"vOffset":0,"uScale":1,"vScale":1,"uAng":0,"vAng":0,"wAng":0,"wrapU":1,"wrapV":1,"coordinatesIndex":0}},
{"name":"humanClothes.Humanclothesfinal:Short01:Mhair01black","id":"humanClothes.Humanclothesfinal:Short01:Mhair01black","ambient":[0.11,0.11,0.11],"diffuse":[1,1,1],"specular":[0.0471,0.0471,0.0471],"emissive":[0,0,0],"specularPower":491,"alpha":1,"backFaceCulling":true,"checkReadyOnlyOnce":false, 
"diffuseTexture":{"name":"short01_diffuse.png","level":1,"hasAlpha":1,"coordinatesMode":0,"uOffset":0,"vOffset":0,"uScale":1,"vScale":1,"uAng":0,"vAng":0,"wAng":0,"wrapU":1,"wrapV":1,"coordinatesIndex":0}},
{"name":"humanClothes.Humanclothesfinal:Body:Defaultskin","id":"humanClothes.Humanclothesfinal:Body:Defaultskin","ambient":[0.0927,0.0703,0.0569],"diffuse":[0.843,0.639,0.517],"specular":[0.3,0.3,0.3],"emissive":[0,0,0],"specularPower":491,"alpha":1,"backFaceCulling":true,"checkReadyOnlyOnce":false}],
"multiMaterials":[],
"skeletons":[{"name":"Humanclothesfinal","id":0,"bones":[
{"name":"Hips","index":0,"matrix":[1,0,0,0,0,0.9393,0.343,0,0,0.343,-0.9393,0,0,9.3815,0.623,1],"rest":[1,0,0,0,0,0.9393,0.343,0,0,0.343,-0.9393,0,0,9.3815,0.623,1],"parentBoneIndex":-1,"length":0.935},
{"name":"LHipJoint","index":1,"matrix":[-0.1061,0.0559,-0.9928,0,0.9942,-0.0137,-0.107,0,-0.0195,-0.9983,-0.0541,0,0,0,0,1],"rest":[-0.1061,0.0559,-0.9928,0,0.9942,-0.0137,-0.107,0,-0.0195,-0.9983,-0.0541,0,0,0,0,1],"parentBoneIndex":0,"length":1.1041},
{"name":"LeftUpLeg","index":2,"matrix":[-0.1816,0.9778,-0.1043,0,0.1985,0.1404,0.97,0,0.9631,0.1554,-0.2196,0,0,1.1041,0,1],"rest":[-0.1816,0.9778,-0.1043,0,0.1985,0.1404,0.97,0,0.9631,0.1554,-0.2196,0,0,1.1041,0,1],"parentBoneIndex":1,"length":4.2962},
{"name":"LeftLeg","index":3,"matrix":[0.9998,0.0025,0.0209,0,-0.0048,0.9942,0.1073,0,-0.0205,-0.1074,0.994,0,0,4.2962,0,1],"rest":[0.9998,0.0025,0.0209,0,-0.0048,0.9942,0.1073,0,-0.0205,-0.1074,0.994,0,0,4.2962,0,1],"parentBoneIndex":2,"length":4.3763},
{"name":"LeftFoot","index":4,"matrix":[0.9963,-0.0245,0.0826,0,0.0862,0.2827,-0.9553,0,0,0.9589,0.2838,0,0,4.3763,0,1],"rest":[0.9963,-0.0245,0.0826,0,0.0862,0.2827,-0.9553,0,0,0.9589,0.2838,0,0,4.3763,0,1],"parentBoneIndex":3,"length":1.4963},
{"name":"LeftToeBase","index":5,"matrix":[0.9989,0.0474,-0.0058,0,-0.0476,0.9811,-0.1874,0,-0.0032,0.1875,0.9823,0,0,1.4963,0,1],"rest":[0.9989,0.0474,-0.0058,0,-0.0476,0.9811,-0.1874,0,-0.0032,0.1875,0.9822,0,0,1.4963,0,1],"parentBoneIndex":4,"length":0.2095},
{"name":"LowerBack","index":6,"matrix":[1,0,0,0,0,0.9363,0.3512,0,0,-0.3512,0.9363,0,0,0.935,0,1],"rest":[1,0,0,0,0,0.9363,0.3512,0,0,-0.3512,0.9363,0,0,0.935,0,1],"parentBoneIndex":0,"length":1.319},
{"name":"Spine","index":7,"matrix":[1,0,0,0,0,0.9809,-0.1943,0,0,0.1943,0.9809,0,0,1.3191,0,1],"rest":[1,0,0,0,0,0.9809,-0.1943,0,0,0.1943,0.9809,0,0,1.3191,0,1],"parentBoneIndex":6,"length":1.3926},
{"name":"Spine1","index":8,"matrix":[1,0,0,0,0,0.9109,0.4127,0,0,-0.4127,0.9109,0,0,1.3926,0,1],"rest":[1,0,0,0,0,0.9109,0.4127,0,0,-0.4127,0.9109,0,0,1.3926,0,1],"parentBoneIndex":7,"length":2.1728},
{"name":"LeftShoulder","index":9,"matrix":[-0.2263,-0.9166,0.3295,0,0.9311,-0.3029,-0.2032,0,0.286,0.2609,0.922,0,0.2309,1.4844,0.3247,1],"rest":[-0.2263,-0.9166,0.3295,0,0.9311,-0.3029,-0.2032,0,0.286,0.2609,0.922,0,0.2309,1.4844,0.3247,1],"parentBoneIndex":8,"length":1.6693},
{"name":"LeftArm","index":10,"matrix":[0.4344,-0.8715,-0.2275,0,0.8994,0.4335,0.0565,0,0.0494,-0.2292,0.9721,0,0,1.6693,0,1],"rest":[0.4344,-0.8715,-0.2275,0,0.8994,0.4335,0.0565,0,0.0494,-0.2292,0.9721,0,0,1.6693,0,1],"parentBoneIndex":9,"length":2.5426},
{"name":"LeftForeArm","index":11,"matrix":[0.9735,0.1767,-0.1448,0,-0.1133,0.9238,0.3658,0,0.1984,-0.3397,0.9194,0,-0.0001,2.5426,0,1],"rest":[0.9735,0.1767,-0.1448,0,-0.1133,0.9238,0.3658,0,0.1984,-0.3397,0.9194,0,-0.0001,2.5426,0,1],"parentBoneIndex":10,"length":2.6241},
{"name":"LeftHand","index":12,"matrix":[0.991,-0.1188,-0.0622,0,0.1207,0.9923,0.0277,0,0.0585,-0.0349,0.9977,0,0.0001,2.6241,0,1],"rest":[0.991,-0.1188,-0.0622,0,0.1207,0.9923,0.0277,0,0.0585,-0.0349,0.9977,0,0.0001,2.6241,0,1],"parentBoneIndex":11,"length":0.3637},
{"name":"LThumb","index":13,"matrix":[-0.7867,0.4394,0.4336,0,0.6166,0.5937,0.517,0,-0.0303,0.6741,-0.738,0,-0.0353,0.4442,0.2242,1],"rest":[-0.7867,0.4394,0.4336,0,0.6166,0.5937,0.517,0,-0.0303,0.6741,-0.738,0,-0.0353,0.4442,0.2242,1],"parentBoneIndex":12,"length":0.3441},
{"name":"LeftFingerBase","index":14,"matrix":[-0.4755,0.1662,-0.8639,0,-0.0348,0.9777,0.2072,0,0.8791,0.1286,-0.4591,0,-0.0001,0.3637,0,1],"rest":[-0.4755,0.1662,-0.8639,0,-0.0348,0.9777,0.2072,0,0.8791,0.1286,-0.4591,0,-0.0001,0.3637,0,1],"parentBoneIndex":12,"length":0.8189},
{"name":"LeftHandFinger1","index":15,"matrix":[0.995,0.0655,-0.0754,0,-0.0401,0.9534,0.2991,0,0.0914,-0.2946,0.9512,0,0,0.8189,0,1],"rest":[0.995,0.0655,-0.0754,0,-0.0401,0.9534,0.2991,0,0.0914,-0.2946,0.9512,0,0,0.8189,0,1],"parentBoneIndex":14,"length":0.2874},
{"name":"Neck","index":16,"matrix":[1,0,0,0,0,0.9947,0.103,0,0,-0.103,0.9947,0,0,2.1728,0,1],"rest":[1,0,0,0,0,0.9947,0.103,0,0,-0.103,0.9947,0,0,2.1728,0,1],"parentBoneIndex":8,"length":0.5079},
{"name":"Neck1","index":17,"matrix":[1,0,0,0,0,1,0,0,0,0,1,0,0,0.5079,0,1],"rest":[1,0,0,0,0,1,0,0,0,0,1,0,0,0.5079,0,1],"parentBoneIndex":16,"length":0.508},
{"name":"Head","index":18,"matrix":[1,0,0,0,0,0.9481,-0.3178,0,0,0.3178,0.9481,0,0,0.508,0,1],"rest":[1,0,0,0,0,0.9481,-0.3178,0,0,0.3178,0.9481,0,0,0.508,0,1],"parentBoneIndex":17,"length":1.5387},
{"name":"RightShoulder","index":19,"matrix":[-0.2377,0.9129,-0.3318,0,-0.929,-0.3134,-0.1968,0,-0.2836,0.2615,0.9226,0,-0.2309,1.4844,0.3247,1],"rest":[-0.2377,0.9129,-0.3318,0,-0.929,-0.3134,-0.1968,0,-0.2836,0.2615,0.9226,0,-0.2309,1.4844,0.3247,1],"parentBoneIndex":8,"length":1.6618},
{"name":"RightArm","index":20,"matrix":[0.4008,0.8852,0.236,0,-0.9152,0.3987,0.0589,0,-0.0419,-0.2396,0.97,0,0,1.6618,0,1],"rest":[0.4008,0.8852,0.236,0,-0.9152,0.3987,0.0589,0,-0.0419,-0.2396,0.97,0,0,1.6618,0,1],"parentBoneIndex":19,"length":2.5426},
{"name":"RightForeArm","index":21,"matrix":[0.9725,-0.1768,0.1515,0,0.118,0.9353,0.3337,0,-0.2007,-0.3066,0.9304,0,0,2.5426,0,1],"rest":[0.9725,-0.1768,0.1515,0,0.118,0.9353,0.3337,0,-0.2007,-0.3066,0.9304,0,0,2.5426,0,1],"parentBoneIndex":20,"length":2.6241},
{"name":"RightHand","index":22,"matrix":[0.9835,0.1722,0.0558,0,-0.1727,0.985,0.0038,0,-0.0543,-0.0134,0.9984,0,0,2.6241,0,1],"rest":[0.9835,0.1722,0.0558,0,-0.1727,0.985,0.0038,0,-0.0543,-0.0134,0.9984,0,0,2.6241,0,1],"parentBoneIndex":21,"length":0.3637},
{"name":"RThumb","index":23,"matrix":[-0.9045,-0.2243,-0.3627,0,-0.4258,0.43,0.7961,0,-0.0226,0.8745,-0.4845,0,0.0685,0.4442,0.2164,1],"rest":[-0.9045,-0.2243,-0.3627,0,-0.4258,0.43,0.7961,0,-0.0226,0.8745,-0.4845,0,0.0685,0.4442,0.2164,1],"parentBoneIndex":22,"length":0.3441},
{"name":"RightFingerBase","index":24,"matrix":[-0.5207,-0.1372,0.8426,0,0.0655,0.9777,0.1996,0,-0.8512,0.1592,-0.5001,0,-0.0001,0.3637,0,1],"rest":[-0.5207,-0.1372,0.8426,0,0.0655,0.9777,0.1996,0,-0.8512,0.1592,-0.5001,0,-0.0001,0.3637,0,1],"parentBoneIndex":22,"length":0.8189},
{"name":"RightHandFinger1","index":25,"matrix":[0.9866,0.0278,0.1609,0,-0.0951,0.899,0.4275,0,-0.1328,-0.4371,0.8896,0,0,0.8189,0,1],"rest":[0.9866,0.0278,0.1609,0,-0.0951,0.899,0.4275,0,-0.1328,-0.4371,0.8896,0,0,0.8189,0,1],"parentBoneIndex":24,"length":0.2874},
{"name":"RHipJoint","index":26,"matrix":[-0.1061,-0.0559,0.9928,0,-0.9942,-0.0137,-0.107,0,0.0195,-0.9983,-0.0541,0,0,0,0,1],"rest":[-0.1061,-0.0559,0.9928,0,-0.9942,-0.0137,-0.107,0,0.0195,-0.9983,-0.0541,0,0,0,0,1],"parentBoneIndex":0,"length":1.104},
{"name":"RightUpLeg","index":27,"matrix":[-0.1817,-0.9778,0.1043,0,-0.1985,0.1404,0.97,0,-0.9631,0.1555,-0.2196,0,0,1.104,0,1],"rest":[-0.1817,-0.9778,0.1043,0,-0.1985,0.1404,0.97,0,-0.9631,0.1555,-0.2196,0,0,1.104,0,1],"parentBoneIndex":26,"length":4.2962},
{"name":"RightLeg","index":28,"matrix":[0.9998,-0.0026,-0.021,0,0.0048,0.9942,0.1073,0,0.0206,-0.1074,0.994,0,-0.0001,4.2962,0,1],"rest":[0.9998,-0.0026,-0.021,0,0.0048,0.9942,0.1073,0,0.0206,-0.1074,0.994,0,-0.0001,4.2962,0,1],"parentBoneIndex":27,"length":4.3726},
{"name":"RightFoot","index":29,"matrix":[0.9963,0.0245,-0.0826,0,-0.0862,0.283,-0.9552,0,0,0.9588,0.284,0,0,4.3725,0,1],"rest":[0.9963,0.0245,-0.0826,0,-0.0862,0.283,-0.9552,0,0,0.9588,0.284,0,0,4.3725,0,1],"parentBoneIndex":28,"length":1.5028},
{"name":"RightToeBase","index":30,"matrix":[0.9989,-0.0472,0.0058,0,0.0475,0.981,-0.1883,0,0.0032,0.1883,0.9821,0,0.0001,1.5028,0,1],"rest":[0.9989,-0.0472,0.0058,0,0.0475,0.981,-0.1883,0,0.0032,0.1883,0.9821,0,0.0001,1.5028,0,1],"parentBoneIndex":29,"length":0.2104}]}],
"meshes":[{"name":"Humanclothesfinal:Female_casualsuit02","id":"Humanclothesfinal:Female_casualsuit02","materialId":"humanClothes.Humanclothesfinal:Female_casualsuit02:Female_casualsuit02","billboardMode":0,"position":[0,0,0],"rotation":[0,0,0],"scaling":[1,1,1],"isVisible":true,"freezeWorldMatrix":false,"isEnabled":true,"checkCollisions":false,"receiveShadows":false,"skeletonId":0,"numBoneInfluencers":7
,"positions":[0.4504,9.3701,-0.7072,0.2467,9.5044,-0.7395,0.2277,9.3613,-0.742,0.2231,9.3204,-0.7424,0.1057,9.139,-0.7245,0.2015,9.0981,-0.7104,0.1181,8.8951,-0.6617,0.2081,8.8539,-0.6205,0.1279,8.7076,-0.5405,0.1801,8.6591,-0.4846,0.0676,8.5271,-0.3836,0.1588,8.5102,-0.2415,0.0475,8.3972,-0.0974,0.1077,8.3967,-0.0713,0.0113,8.3177,0.0859,0.0603,8.3178,0.1076,-0.0006,8.2741,0.2297,0.0408,8.2697,0.2424,-0.0072,8.1974,0.3752,0.0246,8.1601,0.3987,0.0246,8.1601,0.3987,-0.0154,8.1021,0.5277,0.0227,8.0855,0.5364,-0.0181,8.1167,0.6386,0.017,8.0785,0.6543,-0.0033,8.1246,0.7625,0.0342,8.1177,0.7747,-0.0185,8.2117,0.8778,0.0444,8.1995,0.9105,0.0228,8.3466,0.9385,0.0859,8.3458,1.0341,0.0241,8.4907,1.1335,0.0928,8.4884,1.1884,0.0877,8.6601,1.3388,0.0145,8.7519,1.3676,0.0932,8.7427,1.4052,-0.0048,8.8923,1.4447,0.0984,8.8829,1.5049,-0.0252,9.0673,1.5218,0.107,9.0455,1.5781,0.1248,9.3141,1.6551,0.0209,9.3479,1.629,0.1563,9.602,1.6658,0.0607,9.7066,1.646,0.2151,9.8493,1.6006,0.1728,9.6663,1.6531,0.4535,8.862,-0.5988,0.7319,8.7811,-0.5757,0.7488,8.945,-0.6199,1.1042,8.849,-0.5427,1.0874,9.007,-0.5495,1.274,9.052,-0.5102,1.4988,8.9281,-0.3992,1.5548,9.1305,-0.4418,1.4302,9.0879,-0.4587,1.6355,9.2706,0.5501,1.6177,9.125,0.7064,1.5788,9.2701,0.7012,1.518,9.1623,1.0621,1.4934,9.2987,1.0518,1.4031,9.1414,1.3177,1.3722,9.2951,1.3258,1.4318,8.8869,1.3438,1.4233,8.8205,1.353,1.4404,8.8776,1.3771,1.4365,8.9718,1.323,1.4214,9.0413,1.3746,1.4076,9.0491,1.3405,1.4177,9.1358,1.3503,0.2394,9.0566,1.6509,0.4707,8.9469,1.6603,0.2153,8.8875,1.5985,1.3854,9.3284,-0.4919,1.2237,9.2882,-0.5251,1.0183,9.2528,-0.5762,0.7179,9.1578,-0.6432,1.3926,9.5717,-0.4155,1.3012,9.5509,-0.4733,0.6875,9.4025,-0.6839,1.1338,9.5252,-0.5444,0.9363,9.4874,-0.6096,0.9256,9.5284,-0.6142,0.6935,9.5838,-0.6863,0.6785,9.4331,-0.6937,1.1203,9.564,-0.5375,0.9209,9.6565,-0.6018,1.2778,9.5899,-0.465,1.2987,9.7236,-0.3961,1.1869,9.7063,-0.4577,0.9907,9.3022,1.6014,1.1643,9.2899,1.5662,0.9996,9.2849,1.6349,0.4849,9.1324,1.683,0.5504,9.2614,1.7255,0.5025,9.1226,1.7135,1.3506,9.4421,1.3113,1.4569,9.445,1.027,1.5436,9.4385,0.6764,1.4386,9.6196,0.9898,1.5258,9.612,0.6304,1.3169,9.6258,1.2325,1.123,9.6225,1.4369,0.833,9.5739,1.5916,1.0038,9.6054,1.5004,1.3056,9.6759,1.2016,1.0987,9.791,1.3559,1.2741,9.7873,1.1238,1.0016,9.6597,1.4804,0.8501,9.7702,1.4944,0.9853,9.7817,1.4133,1.5231,9.6596,0.6175,1.407,9.7865,0.8977,1.5083,9.7874,0.5691,1.4336,9.6645,0.9684,0.2985,9.6606,1.6502,0.5395,9.5845,1.6328,0.28,9.5953,1.6644,0.2624,9.3213,1.6682,0.8283,9.2788,1.6775,0.5219,9.2973,1.6867,0.8382,9.638,1.5722,0.5662,9.7993,1.5542,1.5518,9.6645,0.4902,1.5227,9.7853,0.4284,1.6044,9.447,0.5327,1.5558,9.6213,0.5012,0.4409,9.0815,-0.684,0.4469,9.3232,-0.7068,0.4605,9.5141,-0.705,1.3197,8.8939,-0.4766,1.1202,8.6352,-0.5511,1.3834,8.6853,-0.4492,0.3768,8.6338,-0.4527,0.7161,8.5379,-0.5774,1.6428,8.6994,-0.3037,0.0919,8.1586,0.2632,0.1906,8.1066,0.109,0.1124,8.2766,0.1101,0.2287,8.2025,-0.0236,0.1666,8.3665,-0.055,0.2991,8.271,-0.1537,0.2355,8.4615,-0.2107,0.4156,8.3726,-0.3327,0.0548,8.0459,0.6717,0.073,7.9991,0.5573,0.0472,8.0368,0.5491,0.0765,8.0065,0.4318,0.0645,8.0654,0.4263,0.1504,8.156,1.0016,0.1515,8.0576,0.8252,0.0925,8.0851,0.819,0.0959,8.0197,0.6835,0.2063,8.7649,1.5129,0.4009,8.6792,1.5563,0.1902,8.6455,1.436,0.2039,8.4302,1.2801,0.3848,8.2858,1.2559,0.2034,8.2784,1.1716,1.4471,8.9609,1.3637,0.3938,8.4197,1.4174,0.7371,8.374,1.3997,1.3859,9.2863,1.3589,1.0167,8.6387,1.5774,1.2048,8.5746,1.4998,1.0119,8.4883,1.5235,1.1529,9.3102,1.5333,1.3405,9.3939,1.3417,1.1857,8.6913,1.5354,1.4559,8.7035,1.2953,1.5485,9.0748,1.0583,1.5728,9.0025,1.0526,1.6137,8.8878,1.0414,1.6453,8.8031,1.0268,1.6466,9.0363,0.7024,1.672,8.9732,0.7037,1.7101,8.8748,0.6942,1.7541,8.7953,0.6804,1.6759,9.1221,0.5587,1.7803,8.8377,0.4568,1.8093,8.8292,0.3049,1.8204,8.8063,0.3004,1.8179,8.7769,0.0534,1.8551,8.7453,0.2893,1.8064,8.7724,0.4458,0.7497,8.5542,1.5473,0.4029,8.444,1.421,0.7544,8.5661,1.5609,0.3913,8.57,1.4942,1.0192,8.6463,1.586,0.4359,8.8172,1.6269,1.8172,8.7344,0.0526,1.7124,8.8179,-0.2099,0.2683,8.1386,1.07,0.0645,8.0654,0.4263,0.1269,8.0478,0.263,0.1182,9.5075,-0.7481,0.1052,9.3706,-0.7551,0.0645,8.0654,0.4263,0.3246,9.8065,1.5986,0.9866,9.7856,1.423,0.0769,9.8717,1.6063,0.21,9.8557,1.6104,0.9191,9.6619,-0.6103,0.6912,9.5881,-0.6942,0.4582,9.5197,-0.7126,0.8503,9.7763,1.5053,0.2442,9.5095,-0.747,1.0664,9.6922,-0.5312,0.1167,9.5116,-0.756,0.5641,9.8015,1.5648,1.2989,9.7308,-0.4004,1.1865,9.7123,-0.4627,1.5142,9.7931,0.5695,0.3211,9.8124,1.6089,1.5296,9.7914,0.4264,1.4115,9.7928,0.9015,1.2786,9.7929,1.1288,1.0514,9.737,-0.5322,0.9071,9.7061,-0.6137,0.3309,9.8849,1.5975,0.5644,9.8619,1.5521,1.2781,9.7757,-0.406,1.1662,9.7573,-0.4683,0.8536,9.8337,1.4903,1.3599,9.8005,-0.1798,1.4832,9.8045,-0.1125,1.4204,9.8246,-0.0843,1.521,9.8349,0.5508,1.5356,9.8304,0.407,1.4125,9.8368,0.8785,0.2427,9.5574,-0.7409,0.1143,9.5556,-0.7512,0.4578,9.5721,-0.7067,1.2741,9.8358,1.1014,0.1073,9.8952,1.6189,0.2199,9.9233,1.6001,1.0982,9.847,1.3302,0.6863,9.6344,-0.6905,0.9868,9.837,1.4033,1.2651,9.8503,1.086,1.4036,9.8533,0.8655,0.1199,9.9601,1.5993,0.2242,9.9523,1.5892,0.4549,9.5942,-0.6992,0.2388,9.572,-0.7333,1.0892,9.8668,1.3072,0.6816,9.6535,-0.6827,0.3338,9.9163,1.5835,0.8494,9.8602,1.4722,0.98,9.8603,1.3837,1.0387,9.7541,-0.5285,0.8982,9.7223,-0.609,0.5606,9.8892,1.5368,1.2634,9.7934,-0.3991,1.1526,9.7749,-0.4616,1.4234,9.7745,-0.2322,1.4054,9.793,-0.2339,1.5112,9.8473,0.5432,1.5315,9.8452,0.3998,0.1125,9.572,-0.7439,0.5791,9.8813,1.4561,0.8453,9.8595,1.3941,1.4432,9.7281,-0.2261,1.4991,9.788,-0.1086,1.4772,9.8452,0.4051,1.4648,9.8488,0.5391,0.1193,9.5918,-0.6713,0.4496,9.6119,-0.6284,1.2238,9.8393,1.0417,1.3562,9.8468,0.8366,0.1762,9.9823,1.5246,0.2578,9.9429,1.5196,0.2389,9.5925,-0.6607,1.0607,9.8607,1.2364,0.6852,9.6735,-0.613,0.3673,9.9077,1.5032,0.959,9.8571,1.3074,0.8879,9.7361,-0.5446,1.2311,9.798,-0.3411,1.1183,9.7819,-0.4074,1.8924,8.6757,0.4514,1.938,8.528,0.493,1.8747,8.6802,0.5096,0.3301,8.1267,-0.1577,0.4546,8.0466,-0.3055,0.4574,8.2016,-0.3232,1.8739,8.6708,0.4422,1.9382,8.5262,0.441,1.8924,8.6757,0.4514,0.4514,8.2084,1.237,0.799,8.2154,1.3098,0.4623,8.132,1.2096,1.9107,8.6434,0.275,1.9198,8.5208,0.4307,0.0972,7.9732,0.5592,0.1264,7.9265,0.4393,0.1002,7.9769,0.4373,0.26,8.0861,-0.0508,0.3341,8.0166,-0.1532,0.7716,8.2904,1.3567,1.0923,8.3028,1.4256,1.8748,8.676,0.5246,1.9361,8.5278,0.509,0.3019,8.0977,1.0624,0.3051,8.0296,1.045,0.144,7.9367,0.6785,0.1237,7.9238,0.5591,1.6877,8.564,-0.3101,1.9273,8.4856,0.0163,1.8734,8.615,0.0444,1.4916,8.5986,1.2854,1.7636,8.5612,1.027,1.5285,8.4764,1.2699,1.2359,8.4831,1.4578,1.2481,8.383,1.4212,1.4014,8.5169,-0.4816,1.7178,8.4391,-0.3367,0.7398,8.3397,-0.5482,1.1356,8.3188,-0.5985,1.1293,8.475,-0.582,0.7416,8.1758,-0.5318,0.1002,7.9769,0.4373,0.1668,7.9403,0.2767,0.146,8.0065,0.2749,1.6954,9.1184,0.4711,1.6692,9.2667,0.473,1.6605,9.2655,0.4684,1.6692,9.2667,0.473,1.6915,9.1175,0.5296,1.6546,9.2703,0.526,1.5743,9.6462,0.3904,1.5438,9.7801,0.3498,1.5389,9.7787,0.3446,1.6181,9.457,0.4495,1.5928,9.6078,0.4171,1.5827,9.6081,0.4083,1.6218,9.456,0.5021,1.6692,9.2667,0.473,1.7359,9.0078,0.4701,1.7028,9.1189,0.4774,1.7989,8.8729,0.4636,1.7892,8.8507,0.5205,1.7757,8.8824,0.527,1.8131,8.8464,0.4621,1.8224,8.7823,0.5174,1.8246,8.6906,0.6771,1.7061,8.6989,1.0219,0.2153,7.9701,0.0741,0.2154,8.0538,0.089,0.2544,7.9726,-0.0391,1.4168,8.3956,-0.5038,0.1794,8.0277,0.826,0.1941,7.9682,0.8208,1.5385,9.7856,0.3462,1.5409,9.8239,0.3367,1.5432,9.8238,0.3298,1.5355,9.8382,0.3293,1.5377,9.8381,0.3226,1.4821,9.8384,0.3317,1.8821,8.5488,0.6688,1.5842,9.6458,0.397,1.5403,9.7872,0.4038,1.5438,9.7801,0.3498,1.6264,9.4609,0.4572,1.5847,9.6225,0.4758,1.5928,9.6078,0.4171,1.7028,9.1189,0.4774,1.7282,9.0182,0.5335,1.5364,9.7869,0.3526,1.5438,9.7801,0.3498,1.5386,9.829,0.3851,1.5409,9.8239,0.3367,1.5409,9.8239,0.3367,1.5339,9.8438,0.378,1.5355,9.8382,0.3293,1.4803,9.8384,0.3378,1.5355,9.8382,0.3293,1.7813,8.8567,0.5481,1.7704,8.8942,0.5567,1.8194,8.7828,0.5322,0.1196,7.9949,0.6841,1.9571,8.4956,0.2594,1.0481,8.3929,1.4862,1.8241,8.7782,0.4539,1.8924,8.6757,0.4514,1.6106,9.4533,0.4417,1.6532,9.263,0.4622,1.5813,9.6639,0.4636,1.7174,9.0208,0.5615,1.5328,9.7924,0.4034,1.4799,9.844,0.3845,1.6966,8.907,0.7007,0.0765,8.0065,0.4318,1.7989,8.8729,0.4636,1.8131,8.8464,0.4621,1.8131,8.8464,0.4621,1.8241,8.7782,0.4539,1.4445,9.7239,-0.2174,1.5146,9.7466,-0.104,1.4905,9.6264,-0.2056,1.5216,9.7417,-0.0945,0.0217,8.5997,1.2473,0.0864,8.5993,1.284,0.055,9.6345,1.6478,1.3675,9.6131,-0.4061,1.1178,9.6661,1.4081,0.5471,9.6488,1.616,0.112,9.3375,-0.7464,1.5842,9.6458,0.397,1.5928,9.6078,0.4171,1.5449,9.3688,-0.4063,1.5006,9.3653,-0.4593,0.1979,8.5564,1.3821,0.4239,8.6807,1.5897,0.4484,8.8116,1.666,1.4369,8.8096,1.3405,1.7173,8.8449,-0.175,1.8062,8.812,0.0677,1.7926,8.8089,0.0929,1.7763,8.9513,0.4678,1.7522,8.9501,0.5274,1.7429,8.9576,0.5598,1.7799,8.8769,0.4614,1.7763,8.9513,0.4678,1.7594,8.9471,0.4658,1.6633,8.9666,-0.3107,1.6294,8.9555,-0.3575,1.5903,9.154,-0.3812,1.7313,8.8475,-0.1867,1.4153,9.6069,-0.3859,1.2933,9.7958,-0.3759,1.2581,9.8004,-0.3184,1.3101,9.7788,-0.3808,1.3311,9.7321,-0.3762,1.3315,9.7258,-0.3717,1.661,9.4211,-0.0739,1.5037,9.5718,-0.2001,1.5078,9.3572,-0.2232,1.7032,9.2045,-0.0461,1.5427,9.1305,-0.2274,1.7402,9.0337,-0.0158,1.6011,8.9456,-0.1957,1.6572,8.9577,-0.2646,1.5659,9.6409,-0.0807,1.8048,8.8349,0.3052,1.2923,9.8023,-0.2903,1.3488,9.7795,-0.3489,1.3311,9.7967,-0.3465,1.3665,9.7314,-0.3414,1.3693,9.7256,-0.3353,1.4476,9.6108,-0.3319,1.7633,8.9249,0.0513,1.7778,8.8092,0.1111,1.7869,8.8721,0.1531,1.4562,9.5614,-0.3224,1.5395,9.3589,-0.3494,1.587,9.1417,-0.3186,1.6484,8.8303,-0.1507,1.8001,8.8415,0.3057,1.7992,8.9027,0.3056,1.7755,8.8689,0.4381,1.7737,8.8654,0.4482,1.7725,8.8624,0.4582,1.7228,9.0217,0.462,1.7136,9.1219,0.413,1.7511,9.0177,0.4171,1.5646,9.6468,0.3836,1.5948,9.6104,0.3524,1.5725,9.6085,0.3992,1.5407,9.7843,0.3398,1.5433,9.7778,0.3009,1.534,9.7775,0.3396,1.6785,9.273,0.3996,1.5454,9.8238,0.323,1.5487,9.783,0.2989,1.5394,9.8378,0.3158,1.5472,9.8187,0.278,1.6878,9.118,0.4649,1.4853,9.8334,0.2811,1.541,9.8328,0.2713,1.5756,9.6492,0.3457,1.6512,9.4536,0.3764,1.7733,8.9341,0.4268,1.7608,8.8829,0.459,1.7433,8.9432,0.4637,1.628,9.5921,0.1817,1.6902,9.4443,0.1871,1.7265,9.2531,0.21,1.752,9.1023,0.2351,1.7786,8.988,0.2772,1.5912,9.5846,-0.0864,0.0214,8.6566,1.3013,0.4188,8.5716,1.5303,0.49,8.9401,1.6903,1.5986,8.9367,1.0487,1.7476,9.0113,0.4742,1.7476,9.0113,0.4742,1.6071,9.6414,0.1696,1.561,9.7607,0.1258,1.5583,9.7671,0.1205,1.55,9.8033,0.1024,1.538,9.819,0.0946,1.4731,9.8412,0.1006,1.0671,9.6864,-0.5249,1.0095,9.7603,-0.4721,0.0435,9.3586,-0.7802,0.0335,9.3884,-0.7822,0.0334,9.3587,-0.7842,0.0806,9.3514,-0.7914,0.068,9.387,-0.7764,0.0609,9.3534,-0.7856,0.0364,9.304,-0.7882,0.0191,9.3302,-0.7839,0.0188,9.3016,-0.7857,-0.0054,9.4801,-0.7756,-0.0281,9.504,-0.777,-0.0287,9.4773,-0.7735,-0.0054,9.3611,-0.7837,-0.029,9.3891,-0.7795,-0.0289,9.3594,-0.7814,0.0557,9.462,-0.7734,0.0637,9.4713,-0.7763,0.0528,9.4822,-0.7764,-0.0533,9.4176,-0.7758,-0.0719,9.4416,-0.7727,-0.0768,9.4159,-0.774,0.0656,9.3115,-0.7937,0.0566,9.3286,-0.7871,0.0507,9.3099,-0.7892,-0.0495,9.4702,-0.7725,-0.0626,9.4817,-0.7759,-0.0655,9.4614,-0.7729,-0.0595,9.3087,-0.7898,-0.0466,9.3281,-0.7871,-0.0654,9.3274,-0.7877,-0.0054,9.4206,-0.7798,-0.029,9.4486,-0.7755,-0.029,9.4189,-0.7775,-0.0533,9.3581,-0.7797,-0.0777,9.3865,-0.7759,-0.0697,9.3522,-0.7862,-0.0054,9.3016,-0.7875,-0.0289,9.3297,-0.7833,-0.0286,9.301,-0.7851,0.0189,9.4778,-0.7741,0.038,9.4941,-0.7768,0.0184,9.5045,-0.7776,-0.0054,9.3313,-0.7856,0.0192,9.3599,-0.782,0.067,9.4164,-0.7745,0.0812,9.439,-0.7771,0.0622,9.4421,-0.7732,0.0192,9.3897,-0.7801,-0.0054,9.3909,-0.7817,0.0412,9.3318,-0.7821,0.0436,9.3883,-0.7782,0.0182,9.2749,-0.7927,-0.0054,9.2718,-0.7946,0.0737,9.3284,-0.7928,-0.0511,9.4447,-0.7741,0.0348,9.281,-0.7948,-0.0478,9.4935,-0.7762,-0.0054,9.4504,-0.7777,-0.0384,9.3886,-0.782,-0.0384,9.3589,-0.7839,0.0413,9.4452,-0.7746,0.0397,9.4708,-0.773,-0.0918,9.4098,-0.7852,-0.0936,9.3798,-0.7885,0.0721,9.4576,-0.7765,-0.0909,9.4385,-0.7767,0.0482,9.2903,-0.7946,-0.0533,9.3878,-0.7777,-0.0819,9.457,-0.7761,0.0579,9.2993,-0.7942,-0.0734,9.4708,-0.7758,-0.0667,9.2981,-0.7948,-0.0743,9.3103,-0.7943,-0.0825,9.3272,-0.7934,-0.0384,9.4184,-0.78,-0.057,9.2891,-0.7951,-0.0452,9.3028,-0.7887,-0.0894,9.3502,-0.7921,0.0192,9.4194,-0.7781,0.0192,9.4491,-0.7761,-0.0436,9.2798,-0.7953,0.0334,9.4181,-0.7803,-0.028,9.2744,-0.7921,-0.0054,9.5099,-0.7788,0.0435,9.4181,-0.7763,0.0888,9.4146,-0.7781,-0.0872,9.3234,-0.7947,-0.0785,9.3054,-0.7956,0.0372,9.2744,-0.7963,0.0406,9.5003,-0.7771,0.0198,9.5114,-0.778,-0.0775,9.4756,-0.7761,-0.0975,9.4113,-0.7856,-0.0054,9.5171,-0.7793,-0.0296,9.5108,-0.7773,0.0563,9.4877,-0.7767,0.0857,9.349,-0.7926,-0.0705,9.2925,-0.7962,-0.0601,9.283,-0.7965,-0.0994,9.3794,-0.7891,-0.094,9.3477,-0.7927,0.0697,9.3066,-0.795,-0.0961,9.4414,-0.777,-0.046,9.2732,-0.7968,-0.0661,9.4872,-0.7762,0.0784,9.3246,-0.7941,0.0196,9.2679,-0.7939,0.0617,9.2937,-0.7956,-0.0272,9.2658,-0.7967,0.0863,9.4419,-0.7774,0.0768,9.4616,-0.7769,0.0923,9.3857,-0.7797,0.0982,9.3854,-0.7802,0.0945,9.416,-0.7785,-0.0865,9.4611,-0.7764,-0.0504,9.4997,-0.7765,0.0678,9.4761,-0.7766,-0.0054,9.2647,-0.796,0.0513,9.2842,-0.796,-0.0719,9.26,-0.7996,-0.0548,9.2481,-0.7999,0.0504,9.524,-0.7765,0.0255,9.5368,-0.777,-0.1109,9.4494,-0.7813,0.1117,9.3784,-0.7887,-0.1213,9.3781,-0.7889,-0.1235,9.3456,-0.785,0.0855,9.2885,-0.7978,0.1093,9.417,-0.7844,0.096,9.3103,-0.7966,0.1148,9.3469,-0.7842,0.0631,9.2612,-0.799,0.046,9.2493,-0.7993,-0.0943,9.2873,-0.7985,-0.0845,9.2716,-0.7992,0.0232,9.2404,-0.7993,0.1059,9.4528,-0.7764,0.0943,9.477,-0.7761,0.0694,9.5087,-0.776,0.0834,9.4947,-0.7758,-0.104,9.4761,-0.7753,0.0757,9.2728,-0.7986,-0.1131,9.3149,-0.7883,-0.119,9.4168,-0.7846,-0.0792,9.5078,-0.7751,-0.0931,9.4938,-0.775,-0.0054,9.2377,-0.7989,-0.0602,9.5231,-0.7755,-0.032,9.2392,-0.7998,-0.0056,9.5421,-0.7772,-0.0351,9.536,-0.776,-0.1165,9.3111,-0.7641,-0.1236,9.4177,-0.7594,-0.0823,9.5125,-0.7494,-0.0968,9.4979,-0.7493,-0.0331,9.2329,-0.775,-0.0054,9.2314,-0.7741,-0.0625,9.5284,-0.7498,-0.1044,9.2876,-0.7665,0.0891,9.2842,-0.773,0.1078,9.3123,-0.7633,-0.0568,9.2422,-0.7751,-0.0877,9.2667,-0.7744,-0.0746,9.2546,-0.7748,0.0268,9.5426,-0.7513,-0.0057,9.5482,-0.7516,0.087,9.4988,-0.7501,0.0725,9.5134,-0.7503,-0.0364,9.5419,-0.7504,0.0528,9.5294,-0.7508,-0.1152,9.4517,-0.756,0.1164,9.3777,-0.7636,-0.1261,9.3775,-0.7638,-0.1273,9.343,-0.7606,0.1139,9.4179,-0.7592,0.1186,9.3443,-0.7598,0.0658,9.2558,-0.7742,0.048,9.2434,-0.7746,0.0243,9.2341,-0.7745,0.1055,9.4519,-0.7558,0.0984,9.4804,-0.7504,-0.1081,9.4795,-0.7496,0.0789,9.2678,-0.7738,-0.0465,9.328,-0.7779,-0.0533,9.3581,-0.7705,-0.029,9.4486,-0.7663,0.0413,9.3317,-0.7729,-0.039,9.4182,-0.7678,0.0193,9.4491,-0.7669,0.0413,9.4452,-0.7654,-0.0449,9.3583,-0.7716,-0.0454,9.3583,-0.7835,0.0344,9.4182,-0.7684,0.0436,9.4181,-0.7671,-0.029,9.4189,-0.7683,0.0192,9.3302,-0.7748,0.0192,9.3599,-0.7729,-0.0533,9.4175,-0.7666,-0.0511,9.4446,-0.7649,-0.0289,9.3297,-0.7741,0.0193,9.4194,-0.769,0.0276,9.3593,-0.7726,0.0274,9.3592,-0.7846,-0.0276,9.5011,-0.7552,-0.0468,9.491,-0.7545,-0.0725,9.3121,-0.772,0.0638,9.3133,-0.7715,0.0717,9.3298,-0.7706,-0.0275,9.2772,-0.7699,-0.0556,9.2915,-0.7729,-0.0054,9.5069,-0.757,0.0514,9.4799,-0.7547,-0.0426,9.2824,-0.7731,0.0179,9.5017,-0.7558,-0.08,9.4554,-0.7544,-0.0888,9.4373,-0.7549,0.0785,9.3523,-0.7693,0.09,9.3858,-0.7579,-0.0872,9.3511,-0.7699,0.0563,9.3014,-0.7721,0.0866,9.414,-0.7563,0.0338,9.2836,-0.7726,0.0468,9.2927,-0.7724,0.0177,9.2777,-0.7706,-0.0651,9.3002,-0.7726,-0.0054,9.2747,-0.7724,-0.0997,9.3853,-0.7575,0.0703,9.4559,-0.7548,0.0791,9.4378,-0.7553,0.037,9.4915,-0.755,0.062,9.4692,-0.7546,-0.0718,9.4687,-0.7541,-0.0805,9.3286,-0.7712,-0.0963,9.4135,-0.7559,-0.0612,9.4794,-0.7542,-0.0455,9.388,-0.7815,-0.0454,9.4178,-0.7795,-0.0449,9.4179,-0.7673,-0.0379,9.3587,-0.7719,0.0274,9.389,-0.7827,-0.029,9.3593,-0.7723,0.0274,9.4187,-0.7807,0.0274,9.4187,-0.7688,0.0339,9.3591,-0.7717,0.0435,9.3586,-0.771,0.0509,9.7028,1.6566,-0.0196,8.1041,0.6391,-0.0352,9.0612,1.5269,0.0482,8.5277,-0.3932,0.0376,8.389,-0.0942,0.0137,8.5953,1.2549,0.0143,8.6515,1.31,0.1308,9.9868,1.5872,0.116,10.0033,1.5195,-0.0229,8.2019,0.8831,0.1125,9.5012,-0.7584,0.0997,9.3697,-0.7667,0.0462,9.6336,1.6579,0.0037,8.3125,0.0871,-0.0074,8.2687,0.2313,0.0757,9.8996,1.6117,0.0845,9.9666,1.5924,0.0187,8.3423,0.942,0.0113,8.4981,1.1213,0.1005,9.1361,-0.7346,0.1116,8.8913,-0.6711,0.1071,9.3365,-0.7573,0.1135,9.5927,-0.6717,0.1069,9.5726,-0.7443,0.1002,10.0003,1.581,-0.0116,8.1812,0.3768,-0.0176,8.0888,0.5287,0.0062,8.7502,1.3773,-0.011,8.8878,1.4544,0.11,9.5121,-0.7567,-0.0068,8.1132,0.7636,0.0142,9.3462,1.6379,0.0653,9.8783,1.6148,-0.0116,8.1812,0.3768,0.1078,9.5559,-0.7517,0.1116,8.7123,-0.5497,-0.0086,8.1333,0.0688,0.0002,8.9117,-0.6672,0.0517,10.01,1.5165,0,9.5179,-0.7649,0.0164,9.2892,1.6862,0.0621,8.3612,0.8508,-0.0152,8.0296,0.2835,-0.0116,8.1812,0.3768,0.0006,8.7377,-0.5553,0.0286,9.6811,1.6345,0.0306,9.7468,1.637,0.0364,9.9338,1.6007,0.0374,9.9962,1.5846,0.0027,8.4733,1.1627,-0.0125,8.0233,0.3238,0.0004,8.5323,-0.4021,0,9.3822,-0.7653,0.057,9.9976,1.5825,0.0363,9.9188,1.6005,-0.0067,8.6903,1.4013,-0.007,8.782,1.4515,-0.0054,8.0411,0.4468,0.0247,8.3928,-0.246,0,9.3435,-0.7638,-0.0042,8.6055,1.3233,0,9.5606,-0.7589,-0.007,8.9056,1.5046,0.0022,8.0281,0.5018,0.0138,8.232,-0.1091,0,9.1493,-0.7298,0,9.5962,-0.6831,0,9.5776,-0.7514,0,9.5065,-0.7665,0.0554,9.0645,1.5282,0.0209,8.1802,0.7216,1.1763,9.1669,1.5738,1.0113,9.0306,1.6591,0.8033,9.1188,1.701,0.9973,9.1444,1.6452,0.7936,9.0061,1.6938,0.7851,8.805,1.66,1.0227,8.9315,1.6571,1.1828,8.871,1.5925,1.0192,8.8408,1.6383,1.1915,8.9687,1.5929,1.1714,9.0635,1.5803,0.7855,8.9113,1.6864,1.0186,8.7601,1.6232,1.1878,8.695,1.546,1.1821,8.7875,1.5947,0.7701,8.707,1.6294,0.8295,9.2534,1.7114,1.1018,9.7977,1.3636,1.4838,9.8384,0.3256,1.4093,9.5798,-0.3566,0.4773,8.1042,1.2029,0.3124,8.0059,1.0401,1.9497,8.4697,0.4163,1.145,8.2833,-0.5929,1.2596,8.3519,1.4015,1.1014,8.2801,1.4079,1.9382,8.5262,0.441,1.9564,8.482,0.4856,0.809,8.1929,1.3007,0.2075,7.9431,0.8196,0.1573,7.9166,0.6761,1.4232,8.3563,-0.5066,1.9337,8.4391,0.0144,0.4575,8.011,-0.2984,0.2169,7.9432,0.0667,0.3239,7.981,-0.1606,1.774,8.5137,1.0241,1.954,8.4837,0.502,1.5363,8.4484,1.2663,0.1264,7.9265,0.4393,0.1715,7.915,0.2799,0.1408,7.9034,0.557,0.1391,7.9051,0.4392,1.97,8.4541,0.2574,1.9697,8.4754,0.4257,1.8976,8.5055,0.6627,0.2551,7.9443,-0.0359,0.7472,8.136,-0.5242,1.7301,8.4063,-0.3453,0.2074,7.9369,0.0639,0.2466,7.9377,-0.0407,1.7367,8.3996,-0.3534,0.1391,7.9051,0.4392,0.1626,7.9083,0.2788,1.7845,8.5068,1.028,0.3054,7.9993,1.0455,0.2019,7.9359,0.8233,0.7458,8.1279,-0.5324,1.2639,8.344,1.4081,1.1036,8.2731,1.4157,1.9081,8.5,0.663,1.9811,8.4468,0.2536,0.809,8.1852,1.3099,0.4739,8.0959,1.2091,0.4517,8.0053,-0.305,1.1471,8.2769,-0.6008,1.9697,8.4754,0.4257,1.9772,8.4736,0.4813,1.9605,8.4603,0.4099,0.1331,7.9004,0.4389,1.4264,8.3478,-0.5158,1.9667,8.4733,0.4988,1.9432,8.4312,0.0078,1.5419,8.4463,1.2751,0.1511,7.9129,0.678,0.1353,7.8991,0.5575,0.3152,7.9735,-0.1671,1.9806,8.4651,0.4191,1.9651,8.4237,0.4111,1.1103,8.2464,1.4042,0.8158,8.1596,1.3062,0.1464,7.8794,0.556,0.1417,7.8803,0.4392,1.4406,8.3144,-0.5104,1.9825,8.4363,0.481,1.9649,8.4394,0.5104,1.9538,8.403,0.0044,1.5508,8.4084,1.2671,1.2724,8.3065,1.4079,0.1601,7.8909,0.6756,0.3151,7.9412,-0.162,1.9859,8.4283,0.4196,0.4825,8.0725,1.2106,0.3112,7.9757,1.0417,0.2105,7.9137,0.8224,0.2478,7.9227,-0.0369,1.7422,8.3662,-0.3536,0.1331,7.9004,0.4389,0.1619,7.8848,0.2817,1.7937,8.4635,1.0226,0.2064,7.9026,0.0645,0.7474,8.09,-0.5236,1.9193,8.4617,0.6568,1.9735,8.4119,0.2537,0.4514,7.9794,-0.3038,1.1447,8.2338,-0.5889,1.9806,8.4651,0.4191,1.4378,8.2962,-0.477,1.7283,8.3523,-0.3317,0.1417,7.8803,0.4392,0.1835,7.878,0.2922,1.7742,8.4459,1.0064,0.3354,7.972,1.0224,0.2397,7.9085,0.8098,0.2325,7.8933,0.0757,0.7564,8.0764,-0.4869,1.2705,8.2939,1.3704,1.1095,8.2366,1.3681,1.942,8.4265,0.5128,1.8979,8.447,0.6522,1.9333,8.3887,0.0217,1.9528,8.3956,0.2643,0.5035,8.0679,1.1872,0.4694,7.9655,-0.2779,1.1468,8.2164,-0.5553,1.9629,8.4162,0.4392,1.9424,8.4265,0.5011,1.942,8.409,0.4288,0.8226,8.1537,1.2753,0.172,7.8724,0.44,0.1901,7.8837,0.6672,0.1785,7.8722,0.5521,0.3421,7.9266,-0.1342,1.9629,8.4162,0.4392,1.5365,8.3964,1.2397,0.2709,7.9136,-0.0199,-0.2479,9.4994,-0.7405,-0.4554,9.3541,-0.708,-0.2282,9.3591,-0.7429,-0.2235,9.3189,-0.7433,-0.1057,9.139,-0.725,-0.112,9.3375,-0.7469,-0.2014,9.0981,-0.7111,-0.1168,8.9061,-0.6606,-0.2061,8.8731,-0.6183,-0.1267,8.7462,-0.5423,-0.177,8.7125,-0.4914,-0.0647,8.5461,-0.3847,-0.1594,8.5376,-0.2668,-0.0491,8.3911,-0.088,-0.1092,8.3938,-0.0656,-0.0172,8.3123,0.0933,-0.0655,8.2391,0.2522,-0.1038,8.2204,-0.0646,-0.0277,8.1809,0.3827,-0.0167,8.2695,0.2364,-0.0599,8.118,0.4132,-0.0284,8.0967,0.5265,-0.0277,8.1809,0.3827,-0.0616,8.0561,0.54,-0.0086,8.1046,0.6405,-0.0435,8.0526,0.6489,0.0052,8.1138,0.7623,-0.0174,8.1918,0.9144,-0.0373,8.0908,0.7766,0.0084,8.3579,0.9592,0.0473,8.2061,0.8772,-0.0719,8.3731,1.0297,-0.0127,8.5036,1.1209,-0.0987,8.6706,1.3742,-0.0216,8.7562,1.3742,-0.0291,8.6601,1.309,-0.1035,8.756,1.4351,-0.0031,8.8923,1.4459,-0.1105,9.0352,1.5582,-0.1044,8.878,1.5088,-0.1104,9.3155,1.6435,0.0262,9.0663,1.5174,-0.1244,9.5999,1.6549,0.0075,9.3458,1.627,-0.1704,9.8663,1.5817,-0.0133,9.7118,1.6495,-0.1411,9.6597,1.6472,-0.4535,8.8751,-0.6157,-0.7331,8.7787,-0.5806,-0.3916,8.6691,-0.4642,-0.7534,8.9298,-0.6221,-1.1132,8.8227,-0.5459,-1.2888,9.0183,-0.5082,-1.0968,8.9779,-0.5469,-1.566,9.0972,-0.4419,-1.5129,8.8993,-0.4019,-1.4442,9.0601,-0.4618,-1.5868,9.2656,0.6838,-1.6859,9.1272,0.5469,-1.6467,9.2761,0.5269,-1.5089,9.1546,1.0579,-1.6228,9.1211,0.6994,-1.4841,9.3097,1.044,-1.3909,9.1507,1.3158,-1.3992,8.9099,1.3275,-1.3673,8.8407,1.3526,-1.3772,8.8302,1.342,-1.4014,9.0572,1.3699,-1.4043,8.9875,1.3216,-1.388,9.0635,1.3362,-1.4047,9.1457,1.3483,-0.2456,9.0355,1.6301,-0.5103,8.9465,1.6714,-0.5097,9.0997,1.6913,-1.394,9.3093,-0.4835,-1.2117,9.2674,-0.5089,-1.038,9.223,-0.5601,-1.3954,9.5714,-0.4152,-1.5069,9.3418,-0.4566,-0.6988,9.3791,-0.6796,-0.7349,9.155,-0.6485,-1.1579,9.5218,-0.5306,-0.7073,9.5638,-0.6781,-0.9483,9.5166,-0.5946,-0.6928,9.4131,-0.6864,-0.9383,9.6505,-0.5864,-1.1449,9.5629,-0.5236,-1.2913,9.5965,-0.461,-1.2941,9.7335,-0.3945,-1.3678,9.6139,-0.4049,-0.9902,9.2949,1.6069,-1.1585,9.3118,1.5661,-1.1472,9.3336,1.5325,-0.572,9.2634,1.7306,-0.5343,9.2924,1.6897,-1.3363,9.4483,1.3097,-1.3663,9.2975,1.3237,-1.449,9.4677,1.0135,-1.5569,9.4421,0.6284,-1.4309,9.6401,0.9561,-1.2965,9.6428,1.2257,-1.0929,9.6166,1.4432,-0.8144,9.5996,1.5975,-0.8192,9.2766,1.691,-1.2844,9.6952,1.1932,-1.0628,9.8062,1.3323,-1.0924,9.6753,1.435,-0.9757,9.6742,1.4897,-0.8224,9.8013,1.4996,-0.8116,9.6582,1.5696,-1.5401,9.6682,0.533,-1.4068,9.7914,0.8548,-1.4287,9.6771,0.9362,-1.2492,9.8133,1.1103,-0.2446,9.645,1.63,-0.5119,9.5814,1.6262,-0.5155,9.6598,1.6081,-0.2479,9.3092,1.6517,-0.2302,9.5799,1.643,-0.5199,9.8068,1.5459,-1.5504,9.6495,0.3886,-1.5263,9.7827,0.4626,-1.6101,9.4554,0.4811,-1.541,9.6183,0.5535,-0.4429,9.0764,-0.6858,-0.4514,9.3079,-0.708,-0.4673,9.4943,-0.7049,-1.3348,8.855,-0.478,-1.1401,8.5965,-0.5581,-0.7221,8.534,-0.5853,-1.407,8.6409,-0.4574,-0.1972,8.0858,0.1104,-0.1172,8.0966,0.2851,-0.1272,8.2288,0.1258,-0.2328,8.2103,-0.0226,-0.1685,8.3663,-0.0526,-0.2937,8.313,-0.1574,-0.2382,8.497,-0.2431,-0.4141,8.4316,-0.3628,-0.1091,7.9753,0.5375,-0.0762,8.0252,0.6519,-0.0813,8.0131,0.5347,-0.104,7.9871,0.4217,-0.0925,8.0413,0.4197,-0.1589,8.0287,0.8106,-0.1146,8.1659,0.9982,-0.0913,8.0581,0.8083,-0.1198,7.9928,0.6575,-0.4696,8.7375,1.6046,-0.2337,8.786,1.5495,-0.218,8.6782,1.4985,-0.3677,8.3251,1.3156,-0.2098,8.4564,1.3517,-0.1423,8.3873,1.1432,-1.4145,8.9801,1.3614,-0.7578,8.4885,1.49,-0.4385,8.498,1.5034,-1.3806,9.2887,1.3569,-0.998,8.6162,1.5329,-1.1314,8.7898,1.5274,-0.9937,8.7713,1.5747,-1.329,9.3975,1.3416,-1.1602,8.6662,1.4683,-1.5413,9.0532,1.0562,-1.3895,8.7019,1.3058,-1.5868,8.8319,1.0368,-1.5644,8.9701,1.0538,-1.6618,9.026,0.6956,-1.6064,8.7248,1.0142,-1.7162,8.8168,0.6839,-1.7324,9.0176,0.5502,-1.7876,8.8124,0.4429,-1.8157,8.8072,0.2918,-1.7808,8.842,0.4444,-1.8625,8.6917,0.2768,-1.8242,8.7464,0.0436,-1.8283,8.7672,0.2863,-1.826,8.7043,0.4356,-0.7754,8.6761,1.6073,-0.4515,8.5235,1.5044,-0.4523,8.6323,1.5615,-0.7786,8.6849,1.6206,-0.2329,8.8843,1.5997,-0.489,8.847,1.6519,-1.7196,8.8,-0.2165,-1.8212,8.6952,0.0473,-1.6562,8.6873,-0.3091,-0.2379,8.1465,1.0812,-0.0925,8.0413,0.4197,-0.1358,8.0257,0.2647,-0.104,7.9871,0.4217,-0.1182,9.5075,-0.7485,-0.1052,9.3709,-0.7559,-0.0599,8.118,0.4132,-0.0909,8.5225,1.2229,-0.2797,9.824,1.584,-0.9546,9.8138,1.4287,-0.9535,9.8096,1.4189,-0.1642,9.8732,1.5917,-0.0198,9.879,1.6069,-0.9364,9.6559,-0.5949,-0.705,9.5681,-0.6861,-0.8227,9.8081,1.5105,-0.4651,9.4999,-0.7124,-1.0883,9.6945,-0.5145,-0.2454,9.5045,-0.748,-0.5164,9.8107,1.5569,-1.198,9.7187,-0.4522,-1.2943,9.7404,-0.3986,-1.5322,9.7889,0.4628,-0.2751,9.8276,1.5945,-1.5463,9.7781,0.3195,-1.4118,9.7966,0.858,-1.2533,9.8201,1.1147,-1.0713,9.7472,-0.5229,-1.0897,9.6997,-0.5155,-0.5168,9.8684,1.5459,-1.1978,9.7246,-0.4569,-1.2728,9.785,-0.4022,-1.4106,9.8222,-0.125,-1.3812,9.8027,-0.2477,-1.3436,9.8101,-0.197,-1.5533,9.783,0.3168,-1.5395,9.8283,0.443,-1.4141,9.8399,0.8325,-0.1167,9.5116,-0.7565,-0.244,9.5521,-0.7419,-0.4651,9.5519,-0.7063,-1.2492,9.8623,1.0865,-0.1723,9.9356,1.5817,-0.0431,9.9092,1.6102,-1.0684,9.8671,1.3293,-1.0662,9.8128,1.341,-0.7003,9.615,-0.6822,-0.2807,9.8927,1.5845,-0.8251,9.8695,1.4962,-1.245,9.8796,1.0743,-0.0684,9.9943,1.5791,-0.0555,9.9629,1.5958,-0.4622,9.573,-0.6984,-1.0595,9.8871,1.3061,-0.6952,9.6355,-0.6745,-0.9243,9.7014,-0.5985,-0.2812,9.9197,1.5715,-0.9547,9.8646,1.4096,-0.8208,9.8954,1.4784,-1.059,9.7641,-0.517,-0.5133,9.8946,1.5314,-1.1763,9.7708,-0.4604,-1.2576,9.8038,-0.395,-1.4704,9.8034,-0.1486,-1.3985,9.7827,-0.2495,-1.5563,9.817,0.2952,-1.5317,9.8416,0.4347,-1.406,9.8564,0.8184,-0.1144,9.5556,-0.7516,-0.2401,9.5676,-0.7345,-0.535,9.8873,1.4536,-1.4035,9.7397,-0.2311,-1.4774,9.7881,-0.1423,-1.4854,9.745,-0.1356,-1.5006,9.8327,0.2953,-1.5498,9.8307,0.2884,-1.4859,9.8428,0.4317,-0.1194,9.5915,-0.6718,-0.1125,9.5719,-0.7443,-0.4572,9.591,-0.6277,-1.2117,9.8702,1.031,-0.176,9.9619,1.5714,-0.118,9.991,1.5146,-0.2402,9.5875,-0.6621,-1.0401,9.8833,1.2389,-0.6972,9.6546,-0.6057,-0.9162,9.7191,-0.5953,-0.2177,9.9412,1.5099,-0.948,9.8879,1.3901,-0.8188,9.8892,1.3994,-0.9036,9.7352,-0.5317,-0.3168,9.9091,1.4931,-1.1266,9.7941,-0.3992,-1.1631,9.789,-0.4522,-1.8976,8.5,0.4866,-1.879,8.6021,0.4409,-1.8673,8.6135,0.501,-0.4516,8.0797,-0.3118,-0.3312,8.1432,-0.1611,-0.4533,8.2333,-0.3265,-1.8925,8.5041,0.4422,-1.861,8.5968,0.432,-1.879,8.6021,0.4409,-0.4078,8.2319,1.3059,-0.8126,8.2136,1.3281,-0.7863,8.3328,1.4064,-1.8752,8.4995,0.4327,-1.8942,8.5997,0.2698,-0.1315,7.9179,0.4325,-0.1313,7.9578,0.5394,-0.1238,7.9613,0.4263,-0.3304,8.011,-0.1605,-0.2665,8.0883,-0.0526,-1.0585,8.3137,1.403,-1.0205,8.4671,1.4856,-1.8954,8.4997,0.5015,-1.8646,8.6148,0.5163,-0.2674,8.1041,1.069,-0.4496,8.1274,1.2347,-0.1426,7.9223,0.546,-0.1443,7.9704,0.6584,-1.9018,8.4946,0.027,-1.702,8.5401,-0.3039,-1.8683,8.5955,0.0436,-1.4602,8.4409,1.2714,-1.6506,8.6121,1.0049,-1.4253,8.5834,1.2759,-1.1841,8.5244,1.4468,-1.7211,8.4374,-0.3129,-1.4339,8.4949,-0.4844,-1.1633,8.3124,-0.6013,-0.748,8.3579,-0.5607,-1.1554,8.4304,-0.5896,-0.753,8.2022,-0.5386,-0.1594,7.9257,0.2736,-0.1238,7.9613,0.4263,-0.1511,7.9848,0.2726,-1.6662,9.2848,0.4463,-1.7075,9.1259,0.4571,-1.6562,9.2841,0.441,-1.6653,9.277,0.5019,-1.7143,9.1262,0.4637,-1.6662,9.2848,0.4463,-1.5856,9.6477,0.3113,-1.5661,9.7695,0.2454,-1.5975,9.6481,0.3167,-1.616,9.4572,0.3979,-1.5965,9.6034,0.3372,-1.6269,9.4603,0.404,-1.6662,9.2848,0.4463,-1.626,9.4622,0.4492,-1.7143,9.1262,0.4637,-1.7507,9.0237,0.4535,-1.8011,8.8174,0.5098,-1.8072,8.8535,0.4499,-1.782,8.8605,0.5137,-1.8168,8.7195,0.5005,-1.8195,8.8191,0.4484,-1.6941,8.4788,1.0077,-1.8024,8.6265,0.67,-0.2207,7.9544,0.0719,-0.2233,8.0368,0.0897,-0.2541,7.9661,-0.0489,-1.4377,8.3687,-0.4977,-0.1884,8.0016,0.8102,-0.2878,8.0249,1.0505,-1.56,9.7739,0.2416,-1.5607,9.7677,0.2411,-1.5614,9.8075,0.2295,-1.5582,9.7753,0.2473,-1.5634,9.8072,0.2233,-1.5549,9.8211,0.2219,-1.505,9.8261,0.229,-1.5565,9.821,0.2157,-1.8293,8.5092,0.657,-1.7024,9.125,0.5168,-1.5975,9.6481,0.3167,-1.5644,9.7786,0.2955,-1.5776,9.649,0.3644,-1.6269,9.4603,0.404,-1.5807,9.6112,0.3844,-1.7441,9.0165,0.5217,-1.7629,9.0276,0.4578,-1.5582,9.7753,0.2473,-1.5661,9.7695,0.2454,-1.5582,9.7753,0.2473,-1.5586,9.8144,0.2741,-1.5561,9.7827,0.2945,-1.5614,9.8075,0.2295,-1.5523,9.8283,0.2675,-1.504,9.8253,0.2348,-1.5549,9.8211,0.2219,-1.7925,8.8185,0.5373,-1.7754,8.8656,0.545,-1.8143,8.717,0.516,-0.2004,7.9506,0.8043,-1.9119,8.4954,0.2648,-1.2003,8.3617,1.4083,-1.879,8.6021,0.4409,-1.844,8.7124,0.4444,-1.6451,9.283,0.4356,-1.5531,9.6114,0.4092,-1.5027,9.8306,0.2757,-1.7001,8.865,0.6955,-1.7523,8.7236,0.6714,-0.104,7.9871,0.4217,-1.8195,8.8191,0.4484,-1.8072,8.8535,0.4499,-1.8195,8.8191,0.4484,-1.844,8.7124,0.4444,-1.4066,9.7343,-0.2246,-1.4919,9.7394,-0.1275,-1.4604,9.6275,-0.219,-1.5378,9.6305,-0.1079,-0.027,8.611,1.2577,-0.0127,9.6424,1.6507,-0.9589,9.473,-0.5904,-1.3175,9.5533,-0.4688,-0.981,9.6101,1.5138,-1.5843,9.6035,0.33,-1.5965,9.6034,0.3372,-1.5968,9.1232,-0.3836,-0.2166,8.595,1.4497,-0.4907,8.741,1.6337,-0.5048,8.8445,1.6829,-1.5769,8.8959,1.0452,-1.7256,8.8319,-0.1809,-1.8136,8.7883,0.0549,-1.7389,8.8321,-0.1929,-